Crush Time:412.4158316633266
Crush X:[ 1.21070196e+02 -1.64309544e+02 -2.44413436e+02 -2.15440041e+02
 -9.22122046e+01  7.23090584e+01  2.12045742e+02  2.74276203e+02
  2.37624803e+02  1.16670783e+02 -4.62104531e+01 -1.97103610e+02
 -2.88545972e+02 -2.93505333e+02 -2.11778337e+02 -6.80164667e+01
  9.69556416e+01  2.38317530e+02  3.19290986e+02  3.19983567e+02
  2.41220855e+02  1.03020969e+02 -6.13236935e+01 -2.13712208e+02
 -3.20073987e+02 -3.57603916e+02 -3.19008548e+02 -2.13173871e+02
 -6.24687494e+01  1.02452811e+02  2.49095920e+02  3.49462577e+02
  3.85099249e+02  3.50036564e+02  2.51271643e+02  1.06916229e+02
 -5.74720283e+01 -2.13598836e+02 -3.35308257e+02 -4.02805847e+02
 -4.05595607e+02 -3.43760694e+02 -2.27511318e+02 -7.51973462e+01
  8.98015855e+01  2.42764172e+02  3.61311311e+02  4.28553217e+02
  4.35288082e+02  3.81007450e+02  2.73648234e+02  1.28206812e+02
 -3.55256249e+01 -1.95751052e+02 -3.31579333e+02 -4.25686630e+02
 -4.66395473e+02 -4.48950518e+02 -3.75879790e+02 -2.56450730e+02
 -1.05338692e+02  5.92889378e+01  2.18015151e+02  3.52464044e+02
  4.47374727e+02  4.92235409e+02  4.82318382e+02  4.19033203e+02
  3.09595072e+02  1.66079598e+02  3.99616537e+00 -1.59445205e+02
 -3.07177297e+02 -4.24033698e+02 -4.98246010e+02 -5.22541642e+02
 -4.94751549e+02 -4.17890988e+02 -2.99730054e+02 -1.51919189e+02
  1.12261101e+01  1.74150612e+02  3.21551389e+02  4.39794839e+02
  5.18131491e+02  5.49606625e+02  5.31597599e+02  4.65945768e+02
  3.58688477e+02  2.19431446e+02  6.04310758e+01 -1.04522294e+02
 -2.61316684e+02 -3.96719884e+02 -4.99469642e+02 -5.61166440e+02
 -5.76903065e+02 -5.45589824e+02 -4.69960853e+02 -3.56273257e+02
 -2.13734694e+02 -5.37148629e+01  1.11189329e+02  2.68156899e+02
  4.05134491e+02  5.11741312e+02  5.80021910e+02  6.04995687e+02
  5.84969416e+02  5.21598030e+02  4.19698049e+02  2.86835846e+02
  1.32728259e+02 -3.14950181e+01 -1.94110098e+02 -3.43638040e+02
 -4.69644975e+02 -5.63448831e+02 -6.18686924e+02 -6.31710070e+02
 -6.01782018e+02 -5.31077030e+02 -4.24482223e+02 -2.89224078e+02
 -1.34349363e+02  2.99008418e+01  1.92779874e+02  3.43740389e+02
  4.73109589e+02  5.72692540e+02  6.36267458e+02  6.59944994e+02
  6.42373092e+02  5.84779254e+02  4.90852421e+02  3.66476407e+02
  2.19335486e+02  5.84197375e+01 -1.06537176e+02 -2.65652236e+02
 -4.09483042e+02 -5.29578810e+02 -6.18961130e+02 -6.72508383e+02
 -6.87224208e+02 -6.62377722e+02 -5.99510991e+02 -5.02316913e+02
 -3.76397953e+02 -2.28922489e+02 -6.82007324e+01  9.67940785e+01
  2.56931288e+02  4.03426771e+02  5.28317720e+02  6.24883260e+02
  6.87989562e+02  7.14342875e+02  7.02639308e+02  6.53606046e+02
  5.69934539e+02  4.56111904e+02  3.18161857e+02  1.63310888e+02
 -4.01262924e-01 -1.64545452e+02 -3.20738821e+02 -4.61069924e+02
 -5.78492053e+02 -6.67165783e+02 -7.22734817e+02 -7.42523007e+02
 -7.25644666e+02 -6.73024785e+02 -5.87330278e+02 -4.72817654e+02
 -3.35106451e+02 -1.80891040e+02 -1.76060351e+01  1.46937678e+02
  3.04928350e+02  4.48922237e+02  5.72188741e+02  6.69016215e+02
  7.34965093e+02  7.67057778e+02  7.63897940e+02  7.25715307e+02
  6.54335515e+02  5.53078031e+02  4.26588288e+02  2.80613021e+02
  1.21730043e+02 -4.29545136e+01 -2.06127389e+02 -3.60593267e+02
 -4.99589362e+02 -6.17075994e+02 -7.07991009e+02 -7.68457775e+02
 -7.95938743e+02 -7.89329098e+02 -7.48987725e+02 -6.76705449e+02
 -5.75613152e+02 -4.50034858e+02 -3.05293053e+02 -1.47475321e+02
  1.68272353e+01  1.80798389e+02  3.37680210e+02  4.81049763e+02
  6.05077930e+02  7.04760151e+02  7.76110298e+02  8.16310566e+02
  8.23812200e+02  7.98383979e+02  7.41107509e+02  6.54320531e+02
  5.41511452e+02  4.07170168e+02  2.56601846e+02  9.57115985e+01]
Crush Y:[ 1.94226175e+02  1.75400566e+02  3.11495121e+01 -1.31286760e+02
 -2.41013239e+02 -2.53573256e+02 -1.65831252e+02 -1.30164305e+01
  1.47861395e+02  2.60089400e+02  2.86446617e+02  2.19691429e+02
  8.23477195e+01 -8.25777326e+01 -2.25915439e+02 -3.06893984e+02
 -3.03860255e+02 -2.18761392e+02 -7.49966560e+01  9.00018905e+01
  2.34989597e+02  3.25132769e+02  3.39823993e+02  2.76556777e+02
  1.50413319e+02 -1.02618331e+01 -1.70684392e+02 -2.97270415e+02
 -3.64449031e+02 -3.59361916e+02 -2.83725954e+02 -1.52762088e+02
  8.34355271e+00  1.69575089e+02  3.01751071e+02  3.81666743e+02
  3.95861839e+02  3.42481880e+02  2.31073547e+02  8.05110170e+01
 -8.44653971e+01 -2.37440701e+02 -3.54535033e+02 -4.17981498e+02
 -4.18575250e+02 -3.56708885e+02 -2.41941399e+02 -9.12645065e+01
  7.35979865e+01  2.29413945e+02  3.54709590e+02  4.32631299e+02
  4.53044266e+02  4.13638525e+02  3.19959936e+02  1.84428328e+02
  2.45290156e+01 -1.39546191e+02 -2.87484248e+02 -4.01333709e+02
 -4.67591931e+02 -4.78670896e+02 -4.33604399e+02 -3.37956632e+02
 -2.02986405e+02 -4.42018995e+01  1.20499808e+02  2.72880864e+02
  3.96364853e+02  4.77779279e+02  5.08665535e+02  4.86039921e+02
  4.12553671e+02  2.96065124e+02  1.48696427e+02 -1.45050501e+01
 -1.77147943e+02 -3.23152923e+02 -4.38317995e+02 -5.11645671e+02
 -5.36315722e+02 -5.10227280e+02 -4.36078707e+02 -3.20998359e+02
 -1.75780010e+02 -1.38099018e+01  1.50204351e+02  3.01580825e+02
  4.26963733e+02  5.15465028e+02  5.59554508e+02  5.55632043e+02
  5.04246061e+02  4.09954101e+02  2.80851478e+02  1.27820419e+02
 -3.64274382e+01 -1.98428922e+02 -3.45075637e+02 -4.64658789e+02
 -5.47771713e+02 -5.88004209e+02 -5.82382142e+02 -5.31527627e+02
 -4.39537740e+02 -3.13601304e+02 -1.63392250e+02 -2.93168595e-01
  1.63487015e+02  3.15832239e+02  4.45606636e+02  5.43446479e+02
  6.02402834e+02  6.18393928e+02  5.90441543e+02  5.20681994e+02
  4.14158512e+02  2.78416711e+02  1.22937603e+02 -4.15476479e+01
 -2.03810742e+02 -3.52893956e+02 -4.78840560e+02 -5.73340476e+02
 -6.30251132e+02 -6.45963234e+02 -6.19592404e+02 -5.52989679e+02
 -4.50575763e+02 -3.19014994e+02 -1.66754593e+02 -3.46229607e+00
  1.60599364e+02  3.15221322e+02  4.50878058e+02  5.59301335e+02
  6.33964240e+02  6.70448784e+02  6.66678294e+02  6.23004529e+02
  5.42148488e+02  4.29002537e+02  2.90309347e+02  1.34239838e+02
 -3.01026233e+01 -1.93221145e+02 -3.45775313e+02 -4.79110646e+02
 -5.85738108e+02 -6.59738024e+02 -6.97067863e+02 -6.95759291e+02
 -6.55996570e+02 -5.80075074e+02 -4.72245343e+02 -3.38454101e+02
 -1.85998879e+02 -2.31170114e+01  1.41467394e+02  2.99013385e+02
  4.41224773e+02  5.60679399e+02  6.51204448e+02  7.08179684e+02
  7.28754709e+02  7.11971225e+02  6.58786347e+02  5.71998205e+02
  4.56079942e+02  3.16932648e+02  1.61571512e+02 -2.23760707e+00
 -1.66372069e+02 -3.22756685e+02 -4.63758286e+02 -5.82551631e+02
 -6.73439610e+02 -7.32113344e+02 -7.55841115e+02 -7.43578712e+02
 -6.95997754e+02 -6.15432498e+02 -5.05749459e+02 -3.72147662e+02
 -2.20900363e+02 -5.90514840e+01  1.05918257e+02  2.66439553e+02
  4.15200856e+02  5.45477185e+02  6.51426914e+02  7.28343891e+02
  7.72854555e+02  7.83052441e+02  7.58565449e+02  7.00554307e+02
  6.11643759e+02  4.95790873e+02  3.58097518e+02  2.04576281e+02
  4.18808709e+01 -1.22986690e+02 -2.82979107e+02 -4.31303996e+02
 -5.61708549e+02 -6.68737013e+02 -7.47950711e+02 -7.96102173e+02
 -8.11257043e+02 -7.92859743e+02 -7.41741308e+02 -6.60070193e+02
 -5.51249175e+02 -4.19763606e+02 -2.70988082e+02 -1.10960152e+02
  5.38692309e+01  2.16898080e+02  3.71637881e+02  5.11969704e+02
  6.32381960e+02  7.28180810e+02  7.95665478e+02  8.32262311e+02]
Crush V:[1.000084, 0.991689, 0.990682, 0.989774, 0.988952, 0.988203, 0.987518, 0.986889, 0.98631, 0.985775, 0.985278, 0.984817, 0.984387, 0.983985, 0.983609, 0.983256, 0.982924, 0.982611, 0.982316, 0.982036, 0.981772, 0.981522, 0.981284, 0.981058, 0.980843, 0.980638, 0.980442, 0.980255, 0.980076, 0.979905, 0.979741, 0.979584, 0.979433, 0.979288, 0.979149, 0.979015, 0.978886, 0.978762, 0.978642, 0.978526, 0.978415, 0.978307, 0.978203, 0.978102, 0.978005, 0.97791, 0.977819, 0.97773, 0.977644, 0.977561, 0.97748, 0.977402, 0.977325, 0.977251, 0.977179, 0.977109, 0.977041, 0.976975, 0.97691, 0.976847, 0.976786, 0.976726, 0.976668, 0.976611, 0.976555, 0.976501, 0.976449, 0.976397, 0.976347, 0.976298, 0.976249, 0.976202, 0.976157, 0.976112, 0.976068, 0.976025, 0.975983, 0.975941, 0.975901, 0.975861, 0.975823, 0.975785, 0.975748, 0.975711, 0.975676, 0.975641, 0.975606, 0.975572, 0.975539, 0.975507, 0.975475, 0.975444, 0.975413, 0.975383, 0.975353, 0.975324, 0.975296, 0.975268, 0.97524, 0.975213, 0.975186, 0.97516, 0.975135, 0.975109, 0.975084, 0.97506, 0.975036, 0.975012, 0.974989, 0.974966, 0.974943, 0.974921, 0.974899, 0.974877, 0.974856, 0.974835, 0.974814, 0.974794, 0.974774, 0.974754, 0.974735, 0.974715, 0.974697, 0.974678, 0.97466, 0.974641, 0.974624, 0.974606, 0.974589, 0.974571, 0.974554, 0.974538, 0.974521, 0.974505, 0.974489, 0.974473, 0.974458, 0.974442, 0.974427, 0.974412, 0.974397, 0.974382, 0.974368, 0.974354, 0.97434, 0.974326, 0.974312, 0.974298, 0.974285, 0.974272, 0.974258, 0.974246, 0.974233, 0.97422, 0.974208, 0.974195, 0.974183, 0.974171, 0.974159, 0.974147, 0.974135, 0.974124, 0.974112, 0.974101, 0.97409, 0.974079, 0.974068, 0.974057, 0.974046, 0.974036, 0.974025, 0.974015, 0.974005, 0.973995, 0.973985, 0.973975, 0.973965, 0.973955, 0.973946, 0.973936, 0.973927, 0.973917, 0.973908, 0.973899, 0.97389, 0.973881, 0.973872, 0.973863, 0.973854, 0.973846, 0.973837, 0.973829, 0.97382, 0.973812, 0.973804, 0.973796, 0.973788, 0.97378, 0.973772, 0.973764, 0.973756, 0.973748, 0.973741, 0.973733, 0.973726, 0.973718, 0.973711, 0.973703, 0.973696, 0.973689, 0.973682, 0.973675, 0.973668, 0.973661, 0.973654, 0.973647, 0.97364, 0.973634, 0.973627, 0.973621, 0.973614, 0.973608, 0.973601, 0.973595]
